0 -5 0 0 0 0 0 0 0 0 0 0 0 0 0
0 0 -54 663 -25 976 0 -900 -1220 3 975 0 -57 0 26
0 -196 0 -652 -63 0 0 -1242 -4992 0 2 0 -122 0 -334
0 -993 -538 0 -992 738 0 -791 -1092 0 732 0 81 0 -507
0 -455 -27 842 0 974 0 -664 -1204 0 975 0 -501 0 -69
0 -986 0 -738 -974 0 0 -492 -1000 0 0 0 -970 0 -334
0 -5000 -5000 -5000 -5000 -5000 0 -5000 -5000 0 -5000 0 -5000 0 -5000
0 -380 -1238 -239 114 492 0 0 -2940 0 501 0 24 0 -724
0 670 -4988 862 694 1000 0 -1910 0 0 1000 0 658 0 -1004
0 -8 0 0 0 0 0 0 0 0 0 0 0 0 0
0 -975 -2 -732 -975 0 0 -501 -1000 0 0 0 -724 0 -334
0 -5 0 0 0 0 0 0 0 0 0 0 0 0 0
0 -713 -78 -771 71 970 0 -734 -1228 0 724 0 0 0 -31
0 -5000 -5000 -5000 -5000 -5000 0 -5000 -5000 0 -5000 0 -5000 0 -5000
0 -136 334 -503 -81 334 0 -1066 -2336 0 334 0 -39 0 0
