0 -5 0 0 0 0 0 0 0 0 0 0 0 0 0
0 0 -118 -515 217 953 0 -895 -1224 5 973 0 -56 0 -63
0 -192 0 -636 -56 0 0 -1284 -4992 0 2 0 -30 0 -236
0 -245 -514 0 -1 0 0 0 0 0 0 0 0 0 0
0 -917 -24 -374 0 213 0 -475 -854 0 657 0 0 0 0
0 -963 0 0 -218 0 0 0 0 0 0 0 0 0 0
0 -5000 -5000 0 -3300 0 0 0 0 0 0 0 0 0 0
0 -485 -1276 0 5 0 0 0 0 0 0 0 0 0 0
0 664 -4988 0 369 0 0 0 0 0 0 0 0 0 0
0 -10 0 0 0 0 0 0 0 0 0 0 0 0 0
0 -973 -2 0 -662 0 0 0 0 0 0 0 0 0 0
0 -5 0 0 0 0 0 0 0 0 0 0 0 0 0
0 -854 5 0 0 0 0 0 0 0 0 0 0 0 0
0 -5000 0 0 0 0 0 0 0 0 0 0 0 0 0
0 -97 236 0 0 0 0 0 0 0 0 0 0 0 0
