0 -5 0 0 0 0 0 0 0 0 0 0 0 0 0
0 0 -118 -627 -615 954 0 -870 -1236 12 975 0 -147 0 263
0 -162 0 -175 0 0 0 0 0 0 0 0 0 0 0
0 -263 -130 0 -993 720 0 0 0 0 0 0 0 0 0
0 -445 0 853 0 6 0 0 0 0 0 0 0 0 0
0 -964 0 -720 -11 0 0 0 0 0 0 0 0 0 0
0 -5000 0 -910 -3505 0 0 -3695 0 0 0 0 0 0 0
0 -360 0 0 0 0 0 0 -2199 0 0 0 0 0 0
0 646 0 0 0 0 0 -1481 0 0 737 0 0 0 0
0 -17 0 0 0 0 0 0 0 0 0 0 0 0 0
0 -975 0 0 0 0 0 0 -737 0 0 0 0 0 -233
0 -5 0 0 0 0 0 0 0 0 0 0 0 0 0
0 -733 0 0 0 0 0 0 0 0 0 0 0 0 123
0 -5000 0 0 0 0 0 0 0 0 -3715 0 0 0 0
0 -373 0 0 0 0 0 0 0 0 233 0 -203 0 0
