0 -5 0 0 0 0 0 0 0 0 0 0 0 0 0
0 0 -173 590 -806 -1124 0 -866 -1236 2 972 0 -1257 0 -50
0 -217 0 -295 0 0 0 0 0 0 0 0 0 0 0
0 -1070 -190 0 59 0 0 0 0 0 0 0 0 0 0
0 -4 0 -489 0 -412 0 -453 -882 0 0 0 0 0 0
0 584 0 0 97 0 0 0 0 0 0 0 0 0 0
0 -5000 0 0 -3405 0 0 0 0 0 0 0 0 0 0
0 -294 0 0 53 0 0 0 0 0 0 0 0 0 0
0 646 0 0 367 0 0 0 0 0 725 0 389 0 0
0 -7 0 0 0 0 0 0 0 0 0 0 0 0 0
0 -972 0 0 0 0 0 0 -730 0 0 0 0 0 0
0 -5 0 0 0 0 0 0 0 0 0 0 0 0 0
0 477 0 0 0 0 0 0 -869 0 0 0 0 0 0
0 -5000 0 0 0 0 0 0 -3540 0 0 0 0 0 -3590
0 -65 0 0 0 0 0 0 0 0 0 0 0 0 0
